1RB---_0RC1LC_1RD1RC_1LE1LD_0RA0LE
0,0;2,0_1,0;1,0_3,1;2,0_1,0;2,0
0,0;2,0_1,0;1,0_0,-1;2,0
1RB---_0RC1LB_1RD1RC_1LE1LD_0RA0LE
0,0;2,0_1,0;1,0_3,1;2,0_1,0;2,0
0,0;2,0_1,0;1,0_0,-1;2,0
1RB---_0RC1RC_1RD1RC_1LE1LD_0RA0LE
0,0;2,0_1,0;1,0_3,1;2,0_1,0;2,0
0,0;2,-1_1,0;1,0_0,0;2,0
1RB---_0RC1RC_1RD1RB_1LE1LD_0RA0LE
0,0;2,0_1,0;1,0_3,1;2,0_1,0;2,0
0,0;2,-1_1,0;1,0_0,0;2,0
1RB1RA_1LC1LB_0RD0LC_1RE---_0RA1RA
0,0;2,0_1,0;1,0_3,1;2,0_1,0;2,0
0,0;2,0_1,0;1,0_0,-1;2,0
1RB1RA_1LC1LB_0RD0LC_1RE---_0RA1LA
0,0;2,0_1,0;1,0_3,1;2,0_1,0;2,0
0,0;2,0_1,0;1,0_0,-1;2,0
1RB1RA_1LC1LB_0RD0LC_1RE---_0RA1LE
0,0;2,0_1,0;1,0_3,0;2,0_1,0;2,1
0,0;2,0_1,0;1,0_0,-1;2,0
1RB1RE_1LC1LB_0RD0LC_1RE---_0RA1RA
0,0;2,0_1,0;1,0_3,1;2,0_1,0;2,0
0,0;2,0_1,0;1,0_0,-1;2,0
1RB1RA_1LC1LE_0RD0LC_1RE---_0RA1LB
0,0;2,0_1,0;1,0_3,1;4,0_1,0;2,0_1,0;2,0
0,0;2,0_1,0;1,0_0,-1;2,0
1RB---_0RC1LD_1RD1RC_1LE1LB_0RA0LE
0,0;2,0_1,0;1,0_3,0;4,0_1,0;2,1_1,0;2,0
0,0;2,0_1,0;1,0_0,-1;2,0
1RB1RE_1LC1LB_0RD0LC_1LE---_0RA1RA
0,0;2,0_1,0;1,0_3,1;3,0_1,0;2,0
0,0;2,0_1,0;1,0_3,0;2,0_2,0;2,-1
1RB---_0LC1LC_1LD1LB_1RE1RD_0LA0RE
0,0;2,0_1,0;1,0_3,0;2,0_2,0;2,1
0,0;2,0_1,0;1,0_3,-1;3,0_1,0;2,0
1RB1LC_1LC1RA_0LE0LD_0RA1RD_---0LC
0,0;2,0_1,0;1,0_4,0;3,0_4,1;2,0_1,0;2,0
0,0;2,0_1,0;1,0_3,0;2,-1_2,0;2,0
1RB1LC_1LB1RA_0LE0LD_0RA1RD_---0LC
0,0;2,0_1,0;1,0_3,0;4,0_1,0;7,0_5,1;6,0_1,0;7,0_3,0;4,0_3,0;4,0
0,0;2,0_1,0;1,0_3,0;4,-1_5,0;6,0_3,0;4,-1_3,0;4,-1_3,0;4,-1
