1RB---_0RC1LC_1RD1RC_1LE1LD_0RA0LE
0,0;2,0_1,0;1,0_3,1;2,0_1,0;2,0
0,0;2,0_1,0;1,0_0,-1;2,0
2,3,0,1_0
1_0,1,2
E,0,0,0,0,0_A,0,3,2,1,-_B,0,2,2,1,-_C,1,3,0,2,-_C,1,2,0,1,-_E,1,3,2,1,-_E,1,0,0,0,0_B,1,2,0,1,-_C,0,2,2,2,-_C,1,2,2,1,-_E,1,3,0,0,-_B,1,2,2,1,-_B,0,2,0,0,-_C,1,3,2,1,-_A,0,3,0,0,-_D,1,3,2,2,-_E,0,2,0,-1,-_D,1,2,0,2,-_C,0,2,0,1,-_A,0,0,0,0,0_C,0,3,2,2,-_E,1,2,2,1,-_E,1,2,0,0,-_D,0,2,0,1,-_D,1,2,2,2,-_C,0,3,0,1,-_D,0,2,2,1,-
1RB---_0RC1RC_1RD1RC_1LE1LD_0RA0LE
0,0;2,0_1,0;1,0_3,1;2,0_1,0;2,0
0,0;2,-1_1,0;1,0_0,0;2,0
0,1,2,3_0
1_0,1,2
B,0,2,2,0,-_C,1,3,0,2,-_D,0,2,0,1,-_E,1,3,0,0,-_D,0,2,2,0,-_B,1,2,0,1,-_E,0,2,0,-1,-_E,1,0,2,0,0_A,0,3,0,0,-_D,1,2,2,1,-_C,0,2,2,1,-_C,1,2,0,1,-_C,1,2,2,0,-_E,1,2,2,0,-_D,1,3,2,1,-_E,0,0,0,0,0_B,0,2,0,0,-_A,0,0,2,0,0_B,1,2,2,0,-_C,0,3,2,1,-_D,1,2,0,2,-_E,1,0,0,0,0_E,1,2,0,0,-_A,0,0,0,0,0_C,0,3,0,1,-_C,1,3,2,1,-_C,0,2,0,1,-_E,1,3,2,0,-_A,0,3,2,0,-
1RB---_0RC1RC_1RD1RB_1LE1LD_0RA0LE
0,0;2,0_1,0;1,0_3,1;2,0_1,0;2,0
0,0;2,-1_1,0;1,0_0,0;2,0
0,1,2,3_0
1_0,1,2
D,1,2,0,2,-_E,1,0,2,0,0_E,1,2,2,0,-_E,0,0,0,0,0_C,0,3,2,1,-_C,1,2,2,0,-_E,0,2,0,-1,-_B,0,2,0,0,-_B,0,2,2,0,-_C,0,2,2,1,-_A,0,3,0,0,-_A,0,0,0,0,0_C,1,3,2,1,-_B,1,2,2,0,-_E,1,2,0,0,-_E,1,3,0,0,-_C,0,3,0,1,-_B,1,2,0,1,-_D,1,3,2,1,-_C,0,2,0,1,-_D,0,2,2,0,-_D,1,2,2,1,-_A,0,3,2,0,-_C,1,2,0,1,-_E,1,0,0,0,0_C,1,3,0,2,-_D,0,2,0,1,-_E,1,3,2,0,-_A,0,0,2,0,0
1RB---_0RC1LB_1RD1RC_1LE1LD_0RA0LE
0,0;2,0_1,0;1,0_3,1;2,0_1,0;2,0
0,0;2,0_1,0;1,0_0,-1;2,0
3,0,1,2_0
1_0,1,2
D,0,2,2,1,-_E,1,3,0,0,-_B,0,2,0,0,-_B,0,2,2,0,-_D,0,2,0,1,-_C,0,2,2,2,-_B,1,2,2,1,-_C,1,3,0,1,-_C,0,2,0,1,-_E,1,2,0,0,-_A,0,3,0,0,-_E,1,3,2,1,-_B,1,3,2,1,-_C,0,3,0,1,-_D,1,2,2,2,-_E,1,2,2,1,-_E,1,0,0,0,0_A,0,3,2,1,-_D,1,2,0,2,-_C,1,2,0,1,-_D,1,3,2,2,-_E,0,0,0,0,0_E,0,2,0,-1,-_B,1,2,0,1,-_A,0,0,0,0,0_C,0,3,2,2,-_C,1,3,2,1,-_C,1,2,2,1,-
1RB1RA_1LC1LB_0RD0LC_1RE---_0RA1RA
0,0;2,0_1,0;1,0_3,1;2,0_1,0;2,0
0,0;2,0_1,0;1,0_0,-1;2,0
1,2,3,0_0
1_0,1,2
C,1,2,2,0,-_D,0,0,2,0,0_A,0,2,0,0,-_D,0,3,0,-1,-_A,0,3,2,1,-_A,1,2,0,0,-_B,1,2,2,1,-_B,1,3,2,1,-_A,0,0,0,0,0_B,0,2,0,0,-_C,1,3,2,0,-_C,1,0,0,-1,0_B,0,2,2,0,-_E,1,2,0,0,-_C,0,0,0,-1,0_C,0,2,0,-2,-_E,0,2,2,0,-_A,1,3,0,1,-_B,1,2,0,1,-_C,1,2,0,-1,-_D,0,0,0,-1,0_E,0,2,0,-1,-_E,1,2,2,0,-_C,1,0,2,0,0_A,0,2,2,1,-_A,1,2,2,0,-_C,1,3,0,-1,-_D,0,3,2,0,-_A,0,3,0,0,-_A,1,3,2,1,-
1RB1RA_1LC1LB_0RD0LC_1RE---_0RA1LA
0,0;2,0_1,0;1,0_3,1;2,0_1,0;2,0
0,0;2,0_1,0;1,0_0,-1;2,0
3,0,1,2_0
1_0,1,2
C,0,2,0,-2,-_A,1,0,2,0,0_A,1,2,0,0,-_B,1,2,2,1,-_A,0,2,0,0,-_B,0,2,0,0,-_B,0,2,2,0,-_C,1,2,2,0,-_C,0,0,0,-1,0_D,0,0,0,-1,0_D,0,3,0,-1,-_B,1,3,2,1,-_C,1,0,2,0,0_D,0,3,2,0,-_A,1,3,2,0,-_A,0,3,0,0,-_A,1,3,0,1,-_C,1,3,2,0,-_C,1,2,0,-1,-_C,1,3,0,-1,-_D,0,0,2,0,0_E,0,2,2,0,-_E,1,2,2,0,-_B,1,2,0,1,-_A,0,0,0,0,0_C,1,0,0,-1,0_E,1,2,0,0,-_A,0,3,2,1,-_A,1,2,2,0,-_A,0,2,2,1,-_E,0,2,0,-1,-
1RB1RA_1LC1LB_0RD0LC_1RE---_0RA1LE
0,0;2,0_1,0;1,0_3,0;2,0_1,0;2,1
0,0;2,0_1,0;1,0_0,-1;2,0
2,3,0,1_0
1_0,1,2
A,1,2,2,0,-_A,1,0,0,0,0_B,1,3,2,0,-_B,0,2,0,0,-_C,0,2,0,-2,-_A,0,2,0,0,-_A,1,3,0,-1,-_B,1,2,0,1,-_B,1,2,2,1,-_C,1,0,2,0,0_D,0,0,2,0,0_E,0,2,2,-1,-_C,1,3,0,-2,-_E,1,2,0,0,-_A,0,2,2,1,-_B,0,2,2,0,-_D,0,3,2,-1,-_A,1,3,2,-1,-_A,0,3,2,0,-_E,1,3,2,-1,-_A,1,2,0,0,-_A,1,0,2,0,0_A,0,0,0,0,0_D,0,3,0,-2,-_E,0,2,0,-1,-_E,0,0,2,0,0_C,1,3,2,-1,-_C,0,0,0,-1,0_C,1,2,0,-1,-_E,1,2,2,0,-_A,0,3,0,-1,-_E,1,0,2,0,0_C,1,2,2,0,-_C,1,0,0,-1,0_D,0,0,0,-1,0
1RB1RE_1LC1LB_0RD0LC_1RE---_0RA1RA
0,0;2,0_1,0;1,0_3,1;2,0_1,0;2,0
0,0;2,0_1,0;1,0_0,-1;2,0
1,2,3,0_0
1_2,0,1
A,0,2,0,0,-_B,0,2,0,0,-_C,1,0,0,-1,0_D,0,0,2,0,0_D,0,3,2,0,-_E,1,2,0,0,-_A,1,3,2,1,-_B,1,2,0,1,-_B,1,2,2,1,-_C,0,0,0,-1,0_E,1,2,2,0,-_A,1,2,0,0,-_A,0,0,0,0,0_E,0,2,0,-1,-_A,0,3,0,0,-_A,1,2,2,0,-_C,1,2,2,0,-_C,1,3,2,0,-_E,0,2,2,0,-_B,1,3,2,1,-_B,0,2,2,0,-_C,0,2,0,-2,-_D,0,0,0,-1,0_A,1,3,0,1,-_C,1,3,0,-1,-_C,1,0,2,0,0_C,1,2,0,-1,-_D,0,3,0,-1,-_A,0,3,2,1,-_A,0,2,2,1,-
1RB1RA_1LC1LE_0RD0LC_1RE---_0RA1LB
0,0;2,0_1,0;1,0_3,1;4,0_1,0;2,0_1,0;2,0
0,0;2,0_1,0;1,0_0,-1;2,0
4,0,1,2,3_0
1_1,2,0
C,1,4,2,0,-_C,1,3,0,-1,-_A,0,2,2,1,-_B,0,4,0,0,-_B,0,4,2,1,-_A,0,4,0,0,-_A,0,4,2,1,-_C,1,0,2,0,0_D,0,3,0,-1,-_C,1,0,0,-1,0_C,1,4,0,-1,-_A,0,3,2,1,-_A,1,3,0,0,-_A,1,4,2,0,-_E,0,2,0,-1,-_E,1,2,0,0,-_B,1,2,0,1,-_B,1,2,2,1,-_E,1,4,2,1,-_B,0,2,0,0,-_B,0,2,2,0,-_D,0,0,2,0,0_A,0,3,0,0,-_B,1,4,0,1,-_D,0,3,2,0,-_E,1,2,2,0,-_A,0,2,0,0,-_A,1,2,0,0,-_E,0,0,2,0,0_A,1,4,0,0,-_D,0,0,0,-1,0_E,0,2,2,-1,-_C,1,2,2,0,-_A,0,0,0,0,0_C,1,3,2,0,-_C,0,2,0,-2,-_B,1,0,2,0,0_B,1,4,2,0,-_E,1,3,2,1,-_A,1,0,0,0,0_C,0,0,0,-1,0_C,1,2,0,-1,-_A,1,3,2,0,-_B,1,3,2,0,-_A,1,2,2,0,-_A,1,0,2,0,0
1RB---_0RC1LD_1RD1RC_1LE1LB_0RA0LE
0,0;2,0_1,0;1,0_3,0;4,0_1,0;2,1_1,0;2,0
0,0;2,0_1,0;1,0_0,-1;2,0
0,1,2,3,4_0
1_0,1,2
B,0,2,2,0,-_C,1,3,0,0,-_C,0,3,2,1,-_C,1,4,0,1,-_E,1,2,2,1,-_E,1,0,0,0,0_E,0,2,0,-1,-_B,1,2,2,1,-_B,1,2,0,1,-_C,0,3,0,0,-_D,1,2,2,2,-_C,0,2,0,1,-_C,1,2,2,1,-_C,0,4,2,2,-_C,1,3,2,0,-_D,1,2,0,2,-_C,0,4,0,1,-_E,1,4,0,0,-_E,0,0,0,0,0_B,1,3,2,1,-_D,0,4,0,1,-_E,1,2,0,0,-_A,0,3,0,-1,-_A,0,3,2,0,-_A,0,0,0,0,0_C,1,2,0,1,-_D,0,4,2,2,-_D,1,4,2,1,-_D,1,3,2,0,-_E,1,3,0,-1,-_B,0,2,0,0,-_C,0,2,2,2,-_E,1,3,2,0,-_E,1,4,2,1,-_C,1,4,2,1,-_D,0,2,0,1,-_D,0,2,2,1,-_B,1,4,2,2,-_D,1,4,0,2,-
1RB1RE_1LC1LB_0RD0LC_1LE---_0RA1RA
0,0;2,0_1,0;1,0_3,1;3,0_1,0;2,0
0,0;2,0_1,0;1,0_3,0;2,0_2,0;2,-1
2,3,0,1_0
0,1_0,1,2,3
B,1,3,2,1,-_C,0,0,3,0,0_A,0,0,3,0,0_A,1,0,2,0,0_A,0,3,0,0,-_B,1,2,3,2,-_C,0,2,3,-1,-_E,0,2,2,-1,-_A,1,0,0,0,0_E,0,2,0,0,-_E,1,2,3,1,-_B,1,2,2,1,-_B,0,2,0,0,-_E,1,2,2,0,-_A,1,3,0,0,-_A,1,3,2,0,-_A,0,3,2,1,-_E,0,0,2,0,0_E,0,2,3,0,-_E,1,2,0,0,-_A,0,0,0,0,0_C,1,3,2,0,-_A,0,3,3,0,-_B,0,2,2,0,-_B,0,2,3,1,-_B,1,2,0,1,-_C,1,0,2,0,0_C,1,2,3,0,-_D,0,0,2,0,0_D,0,3,2,0,-_A,1,3,3,1,-
1RB---_0LC1LC_1LD1LB_1RE1RD_0LA0RE
0,0;2,0_1,0;1,0_3,0;2,0_2,0;2,1
0,0;2,0_1,0;1,0_3,-1;3,0_1,0;2,0
3,0,1,2_0,1
0_2,3,0,1
C,1,0,0,0,0_C,1,0,3,-,0_D,1,3,2,-,-2_A,0,2,3,-,0_B,0,3,2,-,0_B,0,2,2,-,1_A,0,2,0,0,0_D,1,2,3,-,-1_A,0,0,0,0,0_B,1,3,2,-,-1_C,0,2,3,-,-1_E,0,3,0,0,0_D,0,0,2,-,0_D,1,2,2,-,-1_C,1,2,0,0,0_E,1,2,0,0,0_C,0,0,3,-,0_B,0,0,2,-,0_B,1,2,2,-,0_C,1,2,3,-,0_B,0,2,0,0,0_C,0,3,0,0,0_B,1,0,2,-,0_C,0,3,3,-,0_D,0,3,2,-,-1_D,1,0,2,-,-1_D,0,2,2,-,0_E,0,3,2,-,1_E,1,3,2,-,0_E,1,2,3,-,0_C,1,3,3,-,-1
1RB1LC_1LC1RA_0LE0LD_0RA1RD_---0LC
0,0;2,0_1,0;1,0_4,0;3,0_4,1;2,0_1,0;2,0
0,0;2,0_1,0;1,0_3,0;2,-1_2,0;2,0
2,3,4,0,1_0
1,0_1,2,3,0
D,0,0,3,0,0_A,1,3,3,1,1_B,1,2,3,0,0_A,0,3,0,0,0_E,1,2,3,0,0_C,1,3,2,0,0_D,0,3,3,-1,-1_A,1,3,2,2,2_C,0,3,2,0,0_E,1,3,3,1,1_A,0,0,0,0,0_B,0,2,0,0,0_B,0,2,3,0,0_A,1,4,3,1,1_E,1,4,3,1,1_C,1,4,2,0,0_D,1,2,3,0,0_D,1,3,3,1,1_D,1,4,3,1,1_D,0,2,3,0,0_A,0,4,2,0,0_A,0,3,3,1,1_C,0,2,2,1,1_C,1,2,2,1,1_A,0,0,2,0,0_D,0,3,2,0,0_B,1,2,2,1,1_A,1,4,2,2,2_B,0,2,2,1,1_A,0,3,2,0,0_D,0,2,2,1,1_C,1,0,2,0,0_B,1,2,0,0,0_A,0,4,3,1,1_A,1,4,0,1,1_A,1,3,0,1,1
1RB1LC_1LB1RA_0LE0LD_0RA1RD_---0LC
0,0;2,0_1,0;1,0_3,0;4,0_1,0;7,0_5,1;6,0_1,0;7,0_3,0;4,0_3,0;4,0
0,0;2,0_1,0;1,0_3,0;4,-1_5,0;6,0_3,0;4,-1_3,0;4,-1_3,0;4,-1
4,5,6,7,0,1,2,3_0,2
0,1,2_3,4,5,6,0,1,2
A,0,4,3,1,1_A,1,4,3,1,1_C,1,3,5,0,0_D,0,4,4,0,0_A,1,5,3,1,1_C,0,6,6,1,1_A,0,0,4,0,0_B,1,2,0,0,0_A,1,4,2,2,2_A,1,6,0,0,0_D,1,6,3,0,0_B,0,7,3,0,0_B,0,7,5,1,1_D,0,2,3,0,0_A,0,3,2,0,0_A,0,5,4,0,0_B,1,7,4,1,1_C,1,4,5,0,0_A,0,5,5,0,0_A,0,4,4,0,0_B,0,6,6,1,1_A,1,6,5,1,1_A,1,5,5,2,2_E,1,6,3,0,0_B,0,6,0,0,0_A,1,4,0,1,1_A,1,5,4,2,2_A,0,0,0,0,0_A,0,4,6,0,0_A,1,2,3,0,0_E,1,3,3,1,1_C,1,6,2,1,1_D,0,6,5,1,1_A,0,5,6,0,0_B,1,7,5,1,1_A,1,4,6,2,2_C,0,7,5,1,1_C,1,5,4,0,0_B,1,7,0,0,0_B,1,6,0,0,0_B,1,4,6,0,0_D,1,5,3,1,1_A,1,3,6,2,2_C,0,6,5,1,1_E,1,4,3,1,1_C,1,7,5,1,1_D,0,7,3,0,0_B,1,0,2,0,0_A,1,4,4,2,2_A,1,6,3,0,0_A,1,6,6,1,1_B,0,7,4,1,1_A,1,7,3,0,0_C,1,7,6,1,1_A,1,6,2,1,1_A,1,3,0,1,1_B,1,7,6,1,1_C,1,5,6,0,0_A,0,3,4,0,0_C,1,0,2,0,0_A,0,0,6,0,0_A,0,4,0,0,0_A,0,5,3,1,1_D,0,6,3,0,0_B,0,6,4,1,1_A,1,3,4,2,2_C,0,7,6,1,1_B,1,0,6,0,0_B,1,6,3,0,0_A,1,4,5,2,2_D,1,7,3,0,0_C,0,4,6,0,0_A,0,0,5,0,0_D,1,2,3,0,0_A,0,4,2,0,0_A,1,5,6,2,2_B,1,3,4,0,0_D,0,4,6,0,0_C,1,4,4,0,0_A,1,3,5,2,2_A,1,3,3,1,1_E,1,2,3,0,0_C,1,0,5,0,0_C,1,3,6,0,0_C,1,4,6,0,0_A,1,5,0,1,1_E,1,7,3,0,0_B,1,6,5,1,1_B,1,4,2,0,0_B,0,6,5,1,1_E,1,5,3,1,1_D,0,4,3,-1,-1_C,0,7,4,1,1_B,1,5,4,0,0_A,1,7,4,1,1_A,1,2,0,0,0_B,0,6,2,1,1_D,0,6,4,1,1_D,0,4,5,0,0_A,1,5,2,2,2_A,0,3,5,0,0_B,1,7,3,0,0_B,0,7,6,1,1_C,0,4,4,0,0_A,1,7,6,1,1_A,0,0,2,0,0_B,1,6,6,1,1_C,1,4,2,0,0_D,1,3,3,1,1_C,0,7,2,1,1_B,0,2,0,0,0_A,0,4,5,0,0_B,1,6,4,1,1_B,1,4,4,0,0_B,1,7,2,1,1_B,1,6,2,1,1_D,0,6,6,1,1_C,0,6,2,1,1_B,1,2,3,0,0_C,1,0,6,0,0_D,0,6,2,1,1_A,0,3,3,1,1_A,1,7,2,1,1_D,1,4,3,1,1_D,0,7,2,1,1_D,0,7,4,1,1_A,1,3,2,2,2_B,1,5,6,0,0_A,1,7,5,1,1_D,0,0,3,0,0_B,0,6,3,0,0_C,1,7,4,1,1_C,1,6,6,1,1_C,0,4,2,0,0_B,0,7,2,1,1_D,0,7,6,1,1_A,1,6,4,1,1_C,1,5,5,0,0_C,1,7,2,1,1_C,0,6,4,1,1_B,1,3,6,0,0_C,1,6,5,1,1_C,1,3,4,0,0_A,0,3,6,0,0_A,0,5,2,0,0_B,0,2,3,0,0_C,1,6,4,1,1_D,0,7,5,1,1_D,0,4,2,0,0_C,0,4,5,0,0
